<?xml version="1.0"?>
<opencv_storage>
<calibrationDate>"Sat Sep 23 16:31:04 2017"</calibrationDate>
<framesCount>8</framesCount>
<cameraResolution>
  720 480</cameraResolution>
<cameraMatrix type_id="opencv-matrix">
  <rows>3</rows>
  <cols>3</cols>
  <dt>d</dt>
  <data>
    1.0560801960497909e+03 0. 3.5649943878749519e+02 0.
    1.2698201612165537e+03 2.7753912647392042e+02 0. 0. 1.</data></cameraMatrix>
<cameraMatrix_std_dev type_id="opencv-matrix">
  <rows>4</rows>
  <cols>1</cols>
  <dt>d</dt>
  <data>
    6.6013632959412774e+01 9.7604441458856456e+01 6.6077738703250972e+00
    1.0162586262080469e+01</data></cameraMatrix_std_dev>
<dist_coeffs type_id="opencv-matrix">
  <rows>1</rows>
  <cols>5</cols>
  <dt>d</dt>
  <data>
    -2.3436233829535746e+00 8.9004379077418108e+00
    -4.0924509685496876e-03 -1.9150002054264256e-02
    -2.2465353500485786e+01</data></dist_coeffs>
<dist_coeffs_std_dev type_id="opencv-matrix">
  <rows>5</rows>
  <cols>1</cols>
  <dt>d</dt>
  <data>
    3.3133354205431459e-01 2.9351108715929524e+00 9.7173089680396146e-03
    7.5506266635650904e-03 1.1263982056912853e+01</data></dist_coeffs_std_dev>
<avg_reprojection_error>6.4949688685996365e-01</avg_reprojection_error>
</opencv_storage>
